id_pelanggan,nama_pelanggan,alamat,kota,provinsi,kode_pos,nomor_telepon,email,tanggal_registrasi,status_pelanggan
2005,Kunthara Prabowo,Jl. Joyoboyo No. 894,Gg. Pasir Koja No. 63,"Serang, Jawa Tengah 59043",20623,+62 (622) 488 9944,sabri14@example.org,2023-10-13,Aktif
2006,"Tgk. Shania Setiawan, S.E.I",Jalan Rawamangun No. 385,Gg. M.T Haryono No. 81,"Meulaboh, NT 09088",68413,+62 (019) 865-3840,glaksita@example.org,2022-09-17,Tidak Aktif
2007,Kayla Puspita,Gg. Pasir Koja No. 787,Gg. Antapani Lama No. 5,"Kotamobagu, SG 64637",08233,+62 (076) 939-8014,latifusamah@example.org,2022-08-15,Tidak Aktif
2008,Narji Maulana,Jl. Gegerkalong Hilir No. 45,Gg. Astana Anyar No. 8,"Kota Administrasi Jakarta Timur, Jawa Barat 84252",97277,+62 (43) 902-5680,winarsihdimas@example.com,2023-04-10,Tidak Aktif
2009,R. Putri Hakim,Gg. Suryakencana No. 4,Gang R.E Martadinata No. 99,"Makassar, Jambi 68585",36010,+62 (723) 846-0242,sitoruswarsita@example.com,2023-02-21,Tidak Aktif
2010,Purwanto Budiyanto,Jalan W.R. Supratman No. 19,Jalan Kebonjati No. 195,"Sorong, KS 03597",35930,+62 (0439) 131-9797,eko50@example.org,2022-09-08,Tidak Aktif
2011,Cut Fitria Puspasari,Gang Cihampelas No. 93,Gg. Monginsidi No. 829,"Probolinggo, Bengkulu 28637",85178,+62 (0298) 943-2231,dsusanti@example.com,2022-09-14,Aktif
2012,"Syahrini Suwarno, S.Farm",Jalan Cihampelas No. 9,Jalan Cihampelas No. 763,"Sorong, BA 91617",89002,+62 (0008) 281-4645,whidayanto@example.org,2021-07-26,Aktif
2013,Candra Wulandari,Jalan Antapani Lama No. 49,Gg. Monginsidi No. 28,"Banjarmasin, RI 11432",07117,+62 (059) 427 8137,eprakasa@example.net,2023-06-04,Aktif
2014,"Kemba Situmorang, S.H.",Gang Dipenogoro No. 11,Jl. Suryakencana No. 830,"Gorontalo, Kalimantan Selatan 37457",42763,+62 (0103) 007 0973,hassanahcahyo@example.com,2023-01-23,Tidak Aktif
2015,Martaka Wahyudin,Jalan Dr. Djunjunan No. 9,Gang Cihampelas No. 102,"Bau-Bau, Gorontalo 12907",54975,+62 (32) 923 2936,csimanjuntak@example.org,2024-02-06,Aktif
2016,R. Vanya Halim,Jalan Gardujati No. 605,Gg. Kendalsari No. 355,"Probolinggo, NB 12760",00706,(002) 053 6517,hidayatdarmana@example.com,2022-10-10,Tidak Aktif
2017,Wahyu Anggraini,Gang Kebonjati No. 99,Jalan Cikutra Barat No. 48,"Pekalongan, MU 46727",83647,(0337) 539-6592,ajimanlaksita@example.com,2022-11-16,Aktif
2018,T. Latif Mandala,Jalan Stasiun Wonokromo No. 575,Gg. M.H Thamrin No. 7,"Langsa, Kalimantan Selatan 23462",97435,087 320 0866,sihombingjagaraga@example.net,2022-09-12,Aktif
2019,H. Raden Widiastuti,Gang Monginsidi No. 6,Jalan Jend. A. Yani No. 7,"Tanjungpinang, SN 70303",60135,0830928824,kala88@example.org,2024-05-04,Tidak Aktif
2020,"KH. Danang Rajata, M.Ak",Gg. M.H Thamrin No. 700,Jl. Antapani Lama No. 1,"Medan, NT 87172",37351,(0289) 613-6654,pprasetya@example.com,2023-10-28,Tidak Aktif
2021,"Drs. Winda Gunawan, S.T.",Gg. Cikutra Timur No. 0,Jl. Cempaka No. 5,"Bengkulu, LA 98093",75873,0808745700,larassihotang@example.org,2022-01-30,Aktif
2022,Tasdik Pangestu,Gang Jakarta No. 38,Gg. Gedebage Selatan No. 87,"Blitar, MA 15711",92540,+62-0071-258-4456,nadiakurniawan@example.org,2021-09-30,Aktif
2023,Raisa Usamah,Gang H.J Maemunah No. 3,Gg. Wonoayu No. 5,"Surabaya, Jawa Timur 18784",73610,(081) 525 0533,raihanhutapea@example.com,2022-02-17,Aktif
2024,R. Luwar Firmansyah,Jl. Surapati No. 1,Jl. Indragiri No. 4,"Kendari, MU 20649",24495,+62 (0514) 423-6554,gbudiman@example.net,2021-06-08,Tidak Aktif
2025,Laksana Maryadi,Jalan Kapten Muslihat No. 45,Gang Ciwastra No. 1,"Palu, Banten 33253",17265,+62 (182) 474-0854,jail62@example.org,2023-05-03,Aktif
2026,Darmana Halimah,Jl. S. Parman No. 9,Gang Moch. Ramdan No. 4,"Magelang, Nusa Tenggara Barat 29376",12898,+62-949-066-0518,hartopratama@example.net,2022-04-19,Aktif
2027,Oskar Suryatmi,Gang Wonoayu No. 65,Gang Kutisari Selatan No. 98,"Prabumulih, JK 08738",92613,+62 (0509) 289 9377,karmathamrin@example.com,2021-07-05,Aktif
2028,Pia Damanik,Gg. Ir. H. Djuanda No. 946,Gg. M.H Thamrin No. 144,"Kota Administrasi Jakarta Barat, BA 97347",52671,+62 (057) 669-8857,kamidinutama@example.net,2021-06-19,Aktif
2029,Daru Wulandari,Gg. Rajawali Barat No. 926,Gg. Rawamangun No. 1,"Bontang, Kalimantan Utara 96276",10516,(047) 706-9115,karimah98@example.org,2022-09-27,Aktif
2030,Hj. Dewi Kusumo,Gang Ahmad Dahlan No. 48,Jalan Antapani Lama No. 02,"Kota Administrasi Jakarta Utara, Jawa Tengah 34788",37837,(0657) 789 3997,jmegantara@example.net,2023-06-03,Aktif
2031,Balijan Maryati,Jl. PHH. Mustofa No. 0,Jalan S. Parman No. 15,"Gorontalo, PA 44629",76477,+62 (755) 658 3984,whutasoit@example.com,2023-12-20,Aktif
2032,Lidya Yulianti,Gg. Medokan Ayu No. 0,Gang Jamika No. 7,"Tegal, Sulawesi Utara 13906",88059,+62-080-402-8252,hwidiastuti@example.org,2021-06-29,Aktif
2033,Edward Mayasari,Jl. Cikutra Timur No. 04,Gang Pasir Koja No. 43,"Palangkaraya, Bengkulu 07586",48821,+62 (0018) 144 9183,cprasetyo@example.com,2023-08-13,Tidak Aktif
2034,"drg. Najib Palastri, S.Sos",Jalan Pasir Koja No. 917,Jalan Rajawali Barat No. 0,"Kotamobagu, SS 80837",96991,+62-0218-771-1728,iwahyudin@example.com,2021-08-07,Aktif
2035,Ifa Nainggolan,Gang Moch. Ramdan No. 061,Gg. Wonoayu No. 238,"Pontianak, JK 11852",88830,0864977442,gamblanghakim@example.org,2022-03-25,Tidak Aktif
2036,Jasmin Winarno,Jl. Sukabumi No. 11,Jl. Otto Iskandardinata No. 0,"Pekanbaru, Jawa Tengah 16490",09954,+62-075-358-5911,dasa01@example.net,2023-06-21,Aktif
2037,"Nadia Padmasari, S.Sos",Gg. Jend. Sudirman No. 50,Gg. Pasirkoja No. 2,"Pontianak, SS 50072",44194,+62 (028) 976 1382,pertiwioman@example.org,2021-06-07,Tidak Aktif
2038,Jasmani Sihotang,Jalan Joyoboyo No. 490,Jalan Ciumbuleuit No. 5,"Serang, Kalimantan Selatan 81528",70209,+62-367-945-6413,cindy67@example.net,2022-02-15,Tidak Aktif
2039,Melinda Pradipta,Jl. Peta No. 1,Jalan Raya Setiabudhi No. 7,"Jambi, Bengkulu 96796",44996,+62 (918) 140 3822,nnugroho@example.org,2021-11-19,Tidak Aktif
2040,Hardi Narpati,Gang Bangka Raya No. 419,Gang Jend. A. Yani No. 2,"Semarang, Kepulauan Bangka Belitung 04742",19020,+62 (22) 158-7692,garanprastuti@example.net,2023-01-19,Tidak Aktif
2041,"Ir. Dono Budiman, S.Ked",Gg. Abdul Muis No. 430,Gg. Peta No. 0,"Kendari, Jawa Tengah 75540",50666,+62-0517-962-3068,gadang86@example.net,2022-02-06,Tidak Aktif
2042,Ajeng Namaga,Jl. Pasir Koja No. 2,Jalan Yos Sudarso No. 824,"Tangerang, Kalimantan Utara 37097",77720,+62 (56) 132-6045,garda78@example.net,2023-02-13,Tidak Aktif
2043,Tasnim Mayasari,Gg. Kutisari Selatan No. 1,Gg. Dr. Djunjunan No. 028,"Kupang, Sumatera Barat 69580",16561,+62-01-698-4381,hamima55@example.org,2024-02-17,Aktif
2044,R.A. Julia Wasita,Jalan Astana Anyar No. 51,Gang Kutisari Selatan No. 89,"Prabumulih, SR 25955",67888,+62 (958) 900 2445,ikinfarida@example.com,2022-02-17,Aktif
2045,Maimunah Prasetyo,Jl. Sadang Serang No. 423,Jl. Moch. Toha No. 181,"Singkawang, NB 58777",48937,+62 (73) 046 9725,oagustina@example.net,2022-09-26,Tidak Aktif
2046,Rangga Damanik,Jl. R.E Martadinata No. 31,Jl. Rungkut Industri No. 9,"Padangpanjang, Kepulauan Bangka Belitung 86436",55919,+62 (099) 580-0508,tira40@example.org,2024-03-21,Tidak Aktif
2047,Edward Mandasari,Gang Sentot Alibasa No. 99,Jalan Otto Iskandardinata No. 4,"Bitung, PA 86145",92354,+62-06-599-7203,hardisuryono@example.net,2021-10-16,Aktif
2048,Lintang Zulaika,Gg. Monginsidi No. 1,Gg. Ciumbuleuit No. 7,"Pekalongan, Sulawesi Utara 25028",23622,(007) 289-4866,nainggolanartanto@example.com,2021-11-03,Tidak Aktif
2049,Makara Maheswara,Jl. Tebet Barat Dalam No. 903,Gang Cihampelas No. 921,"Banjar, KI 76801",71288,+62 (0555) 890 3217,halimkarimah@example.org,2022-03-27,Aktif
2050,Kani Natsir,Jalan Bangka Raya No. 41,Gg. Rumah Sakit No. 87,"Pematangsiantar, Papua Barat 54031",36850,+62-256-387-1673,kusmawatiana@example.org,2024-01-19,Tidak Aktif
2051,dr. Liman Susanti,Gg. Cihampelas No. 7,Jl. Veteran No. 77,"Pekalongan, KI 11052",98969,+62-98-167-1959,baktilazuardi@example.org,2022-08-31,Tidak Aktif
2052,"Cut Endah Farida, M.TI.",Gang Pasteur No. 242,Jalan Sukabumi No. 29,"Pekalongan, Sulawesi Selatan 75859",17038,(053) 857 7740,qtampubolon@example.com,2023-11-27,Tidak Aktif
2053,"Cut Olivia Puspita, M.Farm",Jalan Suryakencana No. 4,Gang Jend. A. Yani No. 10,"Denpasar, Maluku 33661",71594,+62-0802-860-2143,balidin47@example.com,2022-01-21,Aktif
2054,Ibrani Pratiwi,Jl. Siliwangi No. 75,Gg. Rumah Sakit No. 7,"Tegal, SR 85646",88672,+62 (0392) 546-6316,simboloncecep@example.net,2022-02-26,Tidak Aktif
2055,"dr. Kezia Situmorang, M.Farm",Jalan Jend. Sudirman No. 58,Gang Pacuan Kuda No. 4,"Batam, Sumatera Barat 69832",71119,+62-0378-418-1712,balanggawaluyo@example.net,2022-01-17,Tidak Aktif
2056,Ganep Waskita,Gang Cihampelas No. 16,Gang H.J Maemunah No. 35,"Ternate, Jawa Barat 09274",77462,+62 (025) 830-9093,hassanahluwes@example.org,2022-10-07,Tidak Aktif
2057,Limar Gunawan,Jalan Sadang Serang No. 578,Gang Pelajar Pejuang No. 67,"Batu, Nusa Tenggara Barat 11006",79839,+62-012-627-0960,bagas74@example.org,2021-07-04,Aktif
2058,Restu Purwanti,Jl. Laswi No. 63,Gang Pasirkoja No. 594,"Parepare, GO 50946",74011,+62-054-094-1198,estiawan74@example.com,2023-04-17,Tidak Aktif
2059,"Tgk. Salsabila Suryono, M.Ak",Gang BKR No. 722,Jalan Sentot Alibasa No. 44,"Kota Administrasi Jakarta Pusat, PB 70451",06772,(027) 722 1780,kuswoyokamal@example.com,2022-08-01,Tidak Aktif
2060,Maman Ardianto,Gg. Cihampelas No. 50,Jalan Surapati No. 17,"Tidore Kepulauan, Kalimantan Timur 40528",23996,+62 (085) 508 6202,ghaliyati36@example.net,2023-03-20,Aktif
2061,Malika Wibisono,Jl. Pasirkoja No. 628,Jalan Astana Anyar No. 546,"Tidore Kepulauan, Papua 90224",61432,+62 (46) 426-8731,nasyidahkusuma@example.net,2024-01-06,Tidak Aktif
2062,Elvina Ramadan,Gang Cihampelas No. 9,Gang M.H Thamrin No. 0,"Tasikmalaya, Sumatera Utara 57616",61026,+62 (29) 738 0344,vivi32@example.net,2022-05-09,Tidak Aktif
2063,Azalea Uyainah,Jl. Veteran No. 7,Jl. PHH. Mustofa No. 40,"Prabumulih, SU 79748",59928,+62 (0364) 083-8110,parisnajmudin@example.com,2023-12-23,Aktif
2064,Omar Prasetya,Jl. Jend. A. Yani No. 01,Gang Cikutra Timur No. 3,"Singkawang, MA 89071",28374,(0036) 823-4148,rahayupratiwi@example.org,2021-10-19,Aktif
2065,"R. Emong Prasetya, S.I.Kom",Gg. Peta No. 4,Jalan Kutai No. 872,"Pontianak, KI 07192",06082,(063) 633-5902,novitasariwarji@example.net,2022-10-14,Aktif
2066,Cakrabuana Santoso,Gang Laswi No. 02,Jalan Joyoboyo No. 0,"Bandung, Kalimantan Selatan 80877",42860,+62 (086) 788 1062,nugrohohardana@example.net,2021-05-10,Tidak Aktif
2067,Oni Siregar,Jl. Kapten Muslihat No. 08,Jl. Rajiman No. 3,"Blitar, MU 21504",42690,+62 (527) 475-2961,karjarajasa@example.org,2023-10-24,Aktif
2068,Sabrina Maryadi,Gang Raya Setiabudhi No. 37,Gang Pacuan Kuda No. 7,"Banjarmasin, YO 09224",18517,+62 (0137) 524-0211,amayasari@example.com,2022-07-22,Aktif
2069,Bakiono Yuliarti,Jl. Kapten Muslihat No. 6,Jl. Merdeka No. 079,"Tual, Maluku Utara 64492",39339,+62-0673-742-4556,johan43@example.net,2024-03-08,Aktif
2070,Padmi Jailani,Jalan Sadang Serang No. 85,Jalan Medokan Ayu No. 681,"Surakarta, SR 46772",34260,+62-13-562-6721,febi20@example.com,2023-08-16,Tidak Aktif
2071,"Tgk. Nabila Napitupulu, S.E.I",Jl. Rumah Sakit No. 926,Jl. Laswi No. 546,"Prabumulih, Riau 86203",07341,+62 (398) 862 8428,usmanlaksita@example.com,2024-02-28,Aktif
2072,H. Kardi Kusmawati,Jl. Joyoboyo No. 184,Jalan Sukabumi No. 033,"Pematangsiantar, Kalimantan Tengah 35519",32968,0838732735,safitrijaka@example.net,2023-12-19,Tidak Aktif
2073,"dr. Saiful Prasasta, M.Kom.",Gang Bangka Raya No. 0,Gg. Ciwastra No. 794,"Makassar, Sumatera Utara 87001",71526,(0932) 941-5676,prastutisuci@example.org,2022-04-26,Tidak Aktif
2074,Ir. Lintang Nasyiah,Jalan Astana Anyar No. 6,Jl. Raya Ujungberung No. 97,"Singkawang, YO 35803",56770,+62 (066) 801 8068,irawanheru@example.com,2022-02-13,Aktif
2075,Rangga Najmudin,Gg. Ciumbuleuit No. 5,Gang Gedebage Selatan No. 5,"Madiun, Maluku Utara 03863",15771,080 542 6871,jyulianti@example.net,2021-05-17,Tidak Aktif
2076,"Kayun Purwanti, S.Gz",Jalan Sukajadi No. 448,Gg. Cikapayang No. 12,"Bukittinggi, Sumatera Selatan 42972",03097,+62-16-530-8376,cirawan@example.org,2024-04-27,Tidak Aktif
2077,Violet Megantara,Jl. Rajawali Timur No. 8,Jalan Gedebage Selatan No. 60,"Tanjungpinang, SU 57298",85548,+62 (0028) 213-4516,qlailasari@example.net,2024-01-20,Tidak Aktif
2078,KH. Ozy Wacana,Gg. Pasirkoja No. 1,Jl. Yos Sudarso No. 632,"Lubuklinggau, Riau 94339",14300,(005) 054 2181,balijantarihoran@example.net,2024-04-30,Aktif
2079,R.A. Ina Sudiati,Gg. Moch. Ramdan No. 35,Gang Tebet Barat Dalam No. 812,"Ambon, RI 82088",29770,(047) 325 6912,drajatmandasari@example.com,2022-04-29,Tidak Aktif
2080,Cakrawala Riyanti,Gang Sentot Alibasa No. 4,Jl. Moch. Ramdan No. 422,"Kediri, SG 67042",50055,+62 (818) 720 4815,yuliantiembuh@example.com,2022-08-10,Tidak Aktif
2081,"Kenes Permata, S.E.",Jl. Rawamangun No. 6,Jalan Ahmad Yani No. 40,"Banjarmasin, SS 48809",17505,+62 (060) 421 8969,vivi89@example.com,2021-11-23,Aktif
2082,Icha Wibowo,Jalan Kutai No. 18,Jl. Moch. Toha No. 253,"Sawahlunto, KI 73201",61403,+62 (424) 491 6089,wulandaricarla@example.net,2022-07-07,Tidak Aktif
2083,Tami Prayoga,Gang Erlangga No. 8,Jalan Kutai No. 3,"Jambi, Kalimantan Barat 86851",25794,+62 (818) 822-5932,kambalikusmawati@example.com,2024-03-06,Aktif
2084,"Ulva Yuliarti, S.Gz",Jalan Moch. Toha No. 6,Jalan Raya Setiabudhi No. 082,"Medan, KT 46469",85470,(037) 815 9522,artawan82@example.com,2021-11-22,Tidak Aktif
2085,Chelsea Kuswoyo,Gang BKR No. 907,Gang Cikutra Timur No. 24,"Cirebon, Bali 85593",99559,+62 (039) 398 3888,snamaga@example.com,2021-09-23,Tidak Aktif
2086,"Tgk. Wardaya Mayasari, S.T.",Jalan Waringin No. 08,Gg. Raya Ujungberung No. 850,"Batam, Kalimantan Tengah 53870",84065,+62-298-171-7039,kacungpurnawati@example.org,2021-12-13,Aktif
2087,Emin Saptono,Jalan Setiabudhi No. 1,Gang Otto Iskandardinata No. 8,"Singkawang, BE 08156",33686,+62 (043) 397-9593,siregarsafina@example.com,2022-04-24,Tidak Aktif
2088,Jais Manullang,Jalan Soekarno Hatta No. 4,Gg. PHH. Mustofa No. 7,"Madiun, Sulawesi Selatan 40511",17442,+62 (463) 589-7943,rahayuhairyanto@example.net,2023-05-02,Tidak Aktif
2089,Keisha Simanjuntak,Gg. Soekarno Hatta No. 58,Gg. W.R. Supratman No. 928,"Banda Aceh, Riau 02019",50126,+62 (0040) 435 4401,anggriawankartika@example.org,2022-08-19,Aktif
2090,"drg. Ratna Pradipta, S.I.Kom",Gang Medokan Ayu No. 37,Gg. Surapati No. 50,"Bogor, KB 85843",50963,+62 (0092) 439-3305,harjasaharyanto@example.net,2021-10-26,Tidak Aktif
2091,Usyi Siregar,Gg. Pacuan Kuda No. 62,Jalan Cihampelas No. 662,"Singkawang, MA 45366",59525,+62 (85) 806-0178,yogahutagalung@example.net,2021-06-13,Tidak Aktif
2092,"Janet Prabowo, M.Ak",Jalan Suryakencana No. 1,Jl. Ahmad Yani No. 005,"Yogyakarta, Sumatera Utara 62931",82360,+62-059-659-2014,gangsariyanti@example.org,2021-12-13,Tidak Aktif
2093,Faizah Mansur,Jl. W.R. Supratman No. 246,Jl. Sukajadi No. 431,"Subulussalam, Papua 21344",87048,(044) 769-2230,pardisinaga@example.org,2021-11-24,Aktif
2094,Hardi Laksmiwati,Gang W.R. Supratman No. 729,Jl. Pasteur No. 4,"Lhokseumawe, Sulawesi Utara 69363",88753,0879826648,argono99@example.net,2022-01-14,Tidak Aktif
2095,R.A. Jelita Nashiruddin,Jl. M.H Thamrin No. 2,Jl. Surapati No. 61,"Padang, Lampung 73280",23296,+62 (085) 414-1780,daruna92@example.com,2021-10-25,Aktif
2096,Lembah Uwais,Jalan W.R. Supratman No. 4,Gg. Kiaracondong No. 372,"Depok, SR 37555",93292,+62-09-718-2597,aryanisabrina@example.net,2022-03-12,Tidak Aktif
2097,Eluh Hardiansyah,Jl. Cempaka No. 531,Gang HOS. Cokroaminoto No. 7,"Ternate, Sulawesi Selatan 06942",01179,(038) 163-0427,adriansyahgamblang@example.org,2021-06-14,Aktif
2098,Dalima Wibisono,Gang Soekarno Hatta No. 5,Gg. K.H. Wahid Hasyim No. 80,"Meulaboh, ST 03250",82029,+62 (077) 607 1231,ibranirahmawati@example.org,2022-07-21,Tidak Aktif
2099,Bagas Maulana,Gang H.J Maemunah No. 22,Jl. Soekarno Hatta No. 6,"Meulaboh, SU 20071",63118,+62 (0937) 448 2573,balamantrihastuti@example.org,2022-11-18,Aktif
2100,Citra Nashiruddin,Jl. Kiaracondong No. 2,Jalan Gedebage Selatan No. 1,"Tual, Kalimantan Barat 20501",81266,+62-748-758-3921,ciaobella54@example.net,2023-03-31,Tidak Aktif
2101,"Viman Wacana, S.Gz",Gg. Pelajar Pejuang No. 166,Jalan Gegerkalong Hilir No. 549,"Sabang, Bengkulu 77142",87140,+62 (34) 055-5309,tsaputra@example.org,2021-06-05,Aktif
2102,Wage Waskita,Gg. Rajiman No. 967,Gg. Dipatiukur No. 0,"Mataram, Papua 67700",21435,+62 (0404) 746-5258,pangestumala@example.com,2024-04-27,Tidak Aktif
2103,Elisa Rajasa,Gang Sentot Alibasa No. 186,Jl. Peta No. 4,"Malang, LA 89832",80031,+62 (675) 721 1549,qsamosir@example.com,2023-05-08,Aktif
2104,Hj. Azalea Ardianto,Jl. K.H. Wahid Hasyim No. 2,Jl. Kutisari Selatan No. 71,"Palangkaraya, Banten 93842",57659,+62 (035) 856 3251,harjasa35@example.com,2021-09-26,Aktif
2105,"dr. Cinthia Purnawati, S.Farm",Gg. Tubagus Ismail No. 58,Jl. Pacuan Kuda No. 377,"Metro, NB 84936",36521,(0535) 269-9455,vino71@example.net,2022-11-14,Tidak Aktif
2106,"Prasetya Uwais, M.TI.",Jalan Lembong No. 69,Gang HOS. Cokroaminoto No. 829,"Surakarta, PB 81436",14950,+62 (0762) 284-7573,kardi30@example.net,2021-12-12,Tidak Aktif
2107,Lala Wasita,Gang PHH. Mustofa No. 0,Gg. Merdeka No. 892,"Kota Administrasi Jakarta Selatan, KU 99485",93676,+62-030-976-1865,bnashiruddin@example.net,2022-01-23,Tidak Aktif
2108,"Puti Chelsea Rajasa, S.Psi",Jalan Gegerkalong Hilir No. 38,Jl. Pelajar Pejuang No. 413,"Tasikmalaya, NB 20823",45672,+62-522-392-4011,prasetyakenzie@example.net,2021-12-01,Tidak Aktif
2109,Baktiono Santoso,Jalan Dipenogoro No. 041,Gg. Jakarta No. 47,"Kota Administrasi Jakarta Utara, Kalimantan Utara 63786",66299,0853863325,setiawanprakosa@example.org,2022-06-16,Tidak Aktif
2110,Michelle Winarsih,Jl. Joyoboyo No. 96,Gang Moch. Ramdan No. 961,"Kota Administrasi Jakarta Pusat, Sumatera Utara 51448",25188,(0999) 068-4797,nugrohokenzie@example.org,2022-12-09,Tidak Aktif
2111,Dartono Wastuti,Jl. Jend. Sudirman No. 87,Gg. Sentot Alibasa No. 69,"Singkawang, Jawa Barat 49758",95361,+62-044-677-6627,pertiwimartaka@example.org,2022-08-05,Aktif
2112,Asmianto Prasetya,Jl. Tubagus Ismail No. 1,Jl. Jakarta No. 2,"Padang, Sulawesi Utara 75552",16242,0880873794,prakasaomar@example.org,2023-10-28,Tidak Aktif
2113,"Lili Oktaviani, S.Kom",Gang Kapten Muslihat No. 432,Jalan Antapani Lama No. 472,"Tangerang Selatan, SN 62226",92810,+62 (004) 148-9281,haryani@example.net,2023-10-14,Aktif
2114,Dr. Uli Aryani,Gang Peta No. 240,Gg. Siliwangi No. 394,"Blitar, Kalimantan Tengah 49942",24296,+62-76-496-5824,hardana95@example.org,2022-10-02,Tidak Aktif
2115,Lamar Nuraini,Jl. Bangka Raya No. 252,Gang Rumah Sakit No. 8,"Cimahi, LA 48017",81871,+62 (0516) 231-0526,nasyiahimam@example.com,2023-11-03,Tidak Aktif
2116,drg. Reksa Suwarno,Jl. Soekarno Hatta No. 85,Gang Rungkut Industri No. 6,"Binjai, Sulawesi Tenggara 38254",23105,+62 (0922) 395-4612,chalim@example.net,2022-07-19,Aktif
2117,Karja Wijayanti,Gang W.R. Supratman No. 87,Gg. Cikapayang No. 37,"Manado, JT 08093",33545,(0293) 938 7570,harto07@example.com,2021-08-04,Tidak Aktif
2118,Dr. Maman Kurniawan,Jalan Suryakencana No. 1,Jalan Jend. Sudirman No. 771,"Kendari, Maluku 44462",06983,+62 (0128) 651-3411,hidayantotomi@example.net,2024-03-09,Aktif
2119,"dr. Yuni Winarno, S.E.",Jl. Gegerkalong Hilir No. 23,Gang Gedebage Selatan No. 47,"Solok, YO 79563",68055,+62-14-023-9960,prabowogandi@example.org,2023-10-13,Aktif
2120,Damu Uwais,Gang Rungkut Industri No. 957,Gang Sukajadi No. 3,"Surabaya, Gorontalo 46074",75739,+62 (0837) 180-1659,daliono65@example.com,2022-03-02,Tidak Aktif
2121,"dr. Zulfa Hutapea, S.IP",Gang Cihampelas No. 68,Gg. Erlangga No. 030,"Batam, Maluku Utara 84716",04331,+62 (804) 445 7737,wulandarigara@example.org,2023-05-14,Tidak Aktif
2122,Tgk. Laras Situmorang,Jl. Rajawali Barat No. 8,Gang Ahmad Yani No. 480,"Denpasar, RI 02736",37142,+62-272-330-6884,radenpradana@example.com,2022-02-26,Tidak Aktif
2123,"Cut Febi Agustina, S.Kom",Gang Pasir Koja No. 52,Gang Sentot Alibasa No. 8,"Pekanbaru, Jambi 34567",80041,+62 (92) 905-6185,jindrapratama@example.org,2024-04-13,Tidak Aktif
2124,"Ajimat Nugroho, M.Ak",Gg. Jend. A. Yani No. 141,Gg. Kutai No. 17,"Dumai, KU 42237",42045,+62 (0856) 069 6776,ajimin74@example.net,2022-09-29,Aktif
2125,R. Salman Napitupulu,Jalan R.E Martadinata No. 53,Gang Rungkut Industri No. 733,"Magelang, Jawa Barat 43078",88226,+62 (331) 738-0196,dabukkelimar@example.com,2021-07-31,Tidak Aktif
2126,Dt. Erik Halimah,Gg. Cihampelas No. 4,Gang Merdeka No. 571,"Mojokerto, Jawa Tengah 89450",35637,+62 (464) 579 9834,cahyosalahudin@example.com,2022-03-25,Aktif
2127,"R. Eluh Hastuti, S.Pd",Gang M.T Haryono No. 70,Jalan Joyoboyo No. 38,"Pontianak, RI 88702",92605,+62 (063) 069 7797,murti73@example.org,2023-08-01,Tidak Aktif
2128,Ozy Utama,Gg. Jayawijaya No. 85,Jl. Sukabumi No. 04,"Banjarmasin, SG 17149",84841,+62 (939) 682 1462,kayla09@example.com,2023-11-14,Aktif
2129,"Mustofa Sihombing, S.Farm",Jl. Merdeka No. 9,Jl. Jakarta No. 39,"Bitung, JK 12967",78308,+62 (070) 028-0747,psaefullah@example.com,2021-07-12,Aktif
2130,Yulia Mangunsong,Gg. Raya Ujungberung No. 8,Jl. W.R. Supratman No. 45,"Kota Administrasi Jakarta Utara, Nusa Tenggara Timur 40264",97316,+62-569-564-4123,zulfa74@example.org,2023-04-22,Tidak Aktif
2131,Suci Rahmawati,Gg. Cikapayang No. 86,Jalan Pelajar Pejuang No. 787,"Dumai, Maluku 72666",23215,+62 (0782) 285 4814,sudiatireza@example.com,2023-01-03,Aktif
2132,Daliono Hidayat,Jalan K.H. Wahid Hasyim No. 3,Gang Raya Ujungberung No. 30,"Tarakan, ST 32668",01299,+62-350-684-5173,latuponokarna@example.com,2023-09-22,Tidak Aktif
2133,Mahdi Hakim,Gang Pelajar Pejuang No. 244,Jalan Moch. Ramdan No. 992,"Payakumbuh, Kalimantan Tengah 73911",28174,+62 (043) 964-6375,ulyaaryani@example.com,2022-10-18,Tidak Aktif
2134,"R.A. Ulya Santoso, M.TI.",Gang Sentot Alibasa No. 61,Jalan HOS. Cokroaminoto No. 44,"Kota Administrasi Jakarta Selatan, SU 89273",72191,+62 (739) 031-6397,dimashardiansyah@example.org,2023-10-06,Aktif
2135,Hasta Jailani,Gg. Ahmad Yani No. 792,Gg. Jayawijaya No. 351,"Kota Administrasi Jakarta Barat, DI Yogyakarta 64419",59286,+62 (084) 969 0907,danukuswandari@example.org,2021-12-12,Aktif
2136,Dono Rahimah,Jl. Kendalsari No. 071,Gg. Gegerkalong Hilir No. 837,"Blitar, Kalimantan Barat 93264",95548,+62-31-648-8201,carubprasetya@example.org,2021-08-13,Aktif
2137,"Rina Habibi, S.I.Kom",Gang Rungkut Industri No. 629,Gg. S. Parman No. 212,"Palembang, Sulawesi Barat 76950",49791,+62 (809) 935 9438,pmulyani@example.org,2022-07-07,Tidak Aktif
2138,Ian Dongoran,Gang Raya Ujungberung No. 69,Jl. Kutai No. 58,"Pekanbaru, DKI Jakarta 12068",87065,+62 (726) 538-4220,tlaksita@example.net,2022-03-29,Aktif
2139,Balapati Haryanti,Gang PHH. Mustofa No. 09,Jalan Ahmad Yani No. 763,"Surakarta, KT 54401",43264,+62 (983) 647 9036,carubrahmawati@example.net,2022-04-03,Tidak Aktif
2140,Uda Situmorang,Gg. Moch. Toha No. 8,Gg. Asia Afrika No. 92,"Mojokerto, Maluku Utara 06062",86403,+62 (0010) 290 9275,kartikapurwanti@example.org,2023-11-15,Aktif
2141,"Anom Napitupulu, S.Sos",Jl. Ahmad Yani No. 70,Gang Peta No. 982,"Kota Administrasi Jakarta Timur, NB 70602",27598,0880697261,permadiadinata@example.org,2024-01-04,Aktif
2142,Kiandra Haryanto,Gg. R.E Martadinata No. 8,Gang Suryakencana No. 9,"Pariaman, Bengkulu 74602",31453,+62 (0019) 308 9630,wardimayasari@example.net,2022-10-23,Aktif
2143,"Sutan Utama Nugroho, S.Kom",Jl. Gegerkalong Hilir No. 6,Jalan Ciumbuleuit No. 5,"Bau-Bau, Papua Barat 63829",36133,+62 (0466) 443-8429,hfarida@example.net,2023-04-24,Tidak Aktif
2144,Embuh Anggraini,Gg. Ciumbuleuit No. 39,Gg. Raya Setiabudhi No. 306,"Sabang, Papua Barat 10501",73460,089 217 2057,mhidayat@example.net,2022-05-24,Tidak Aktif
2145,Hendra Siregar,Gg. Cempaka No. 560,Jalan Cempaka No. 02,"Purwokerto, SG 53672",00006,+62 (47) 551 1620,argononatsir@example.net,2021-09-20,Tidak Aktif
2146,"Dt. Johan Hidayanto, S.Pd",Gang Kebonjati No. 3,Gg. Ir. H. Djuanda No. 7,"Madiun, Maluku 56011",57275,(035) 795 9666,ihsan75@example.com,2022-08-08,Tidak Aktif
2147,Zelaya Suryono,Jalan Otto Iskandardinata No. 3,Jl. HOS. Cokroaminoto No. 215,"Langsa, SR 42253",84734,089 984 3124,firmansyahikin@example.org,2023-03-14,Aktif
2148,H. Argono Siregar,Jl. Sentot Alibasa No. 147,Jalan Gegerkalong Hilir No. 80,"Payakumbuh, KI 63709",10333,+62-084-093-0176,marbunjamal@example.net,2023-06-02,Tidak Aktif
2149,Tgk. Panca Budiyanto,Gg. HOS. Cokroaminoto No. 573,Gang Sentot Alibasa No. 3,"Blitar, DKI Jakarta 83948",59194,+62 (973) 470-3784,kuswandarilatika@example.net,2023-07-15,Tidak Aktif
2150,Cindy Napitupulu,Gang BKR No. 4,Jl. Pasteur No. 0,"Kendari, SG 37019",11734,+62-016-124-9353,dariati33@example.org,2022-11-15,Tidak Aktif
2151,Yusuf Padmasari,Gang Suryakencana No. 5,Jl. Cempaka No. 9,"Samarinda, Gorontalo 29579",12187,+62 (57) 923 5407,nurdiyantimarsito@example.com,2022-01-28,Tidak Aktif
2152,"Surya Kurniawan, M.M.",Jalan Setiabudhi No. 1,Gang Ronggowarsito No. 17,"Surakarta, Jawa Barat 06469",18477,+62 (193) 834-3752,maulanadanu@example.org,2023-09-06,Tidak Aktif
2153,Drs. Farhunnisa Nasyiah,Jl. Jakarta No. 260,Gang Yos Sudarso No. 052,"Jayapura, JA 17007",88446,+62-058-669-7422,deviharyanto@example.net,2022-11-18,Aktif
2154,"Tgk. Harsaya Fujiati, S.Farm",Gg. Kapten Muslihat No. 64,Gg. Jayawijaya No. 6,"Madiun, ST 55842",38783,+62 (188) 039-6967,rmaryati@example.net,2021-10-18,Tidak Aktif
2155,Vera Prasetya,Gg. Surapati No. 072,Jalan M.T Haryono No. 290,"Kota Administrasi Jakarta Barat, Sulawesi Tenggara 99654",68169,+62-45-700-1677,titi85@example.net,2022-08-23,Tidak Aktif
2156,dr. Dalima Tampubolon,Jalan Suryakencana No. 36,Gg. Sukajadi No. 2,"Lubuklinggau, SN 80838",62072,(080) 078 5231,digdayamayasari@example.net,2021-08-09,Tidak Aktif
2157,"Sutan Eka Handayani, S.T.",Gg. Kutai No. 842,Jl. Jend. Sudirman No. 6,"Cilegon, Bali 97971",83936,+62 (431) 587 9559,susantiviman@example.net,2023-06-30,Aktif
2158,"Faizah Agustina, M.Pd",Gang Setiabudhi No. 07,Gg. Cihampelas No. 6,"Bekasi, JK 62165",85017,+62 (426) 190 4824,yahyarajasa@example.net,2021-08-24,Tidak Aktif
2159,"Wahyu Hakim, S.Ked",Jalan Ciwastra No. 093,Jl. Cihampelas No. 1,"Singkawang, Maluku Utara 41868",28978,(0299) 955 0994,padmasariusyi@example.net,2021-10-09,Aktif
2160,Jasmin Siregar,Gang Dipatiukur No. 4,Jl. Wonoayu No. 73,"Kota Administrasi Jakarta Selatan, JB 00215",44212,+62-83-523-4536,natsirjail@example.org,2023-05-18,Aktif
2161,Adikara Astuti,Gg. Pacuan Kuda No. 91,Jl. Sadang Serang No. 5,"Magelang, MU 54271",32781,(093) 530 3313,januargarda@example.com,2024-03-16,Aktif
2162,Lala Novitasari,Gang Ronggowarsito No. 40,Jl. Ciumbuleuit No. 24,"Kediri, BT 82594",96989,(0687) 425-2089,mahendratantri@example.org,2024-03-09,Aktif
2163,Galang Pradana,Jl. Cihampelas No. 624,Jalan Dipatiukur No. 09,"Kota Administrasi Jakarta Barat, JB 01675",94287,+62 (256) 884 3438,jayenghabibi@example.org,2022-06-09,Tidak Aktif
2164,Amelia Lailasari,Jalan Ahmad Dahlan No. 6,Gg. Tubagus Ismail No. 107,"Palopo, KR 50957",24611,+62 (0777) 185-6125,gunartodasa@example.org,2022-08-05,Aktif
2165,Ir. Intan Rahimah,Jl. Cikutra Timur No. 69,Jl. Lembong No. 166,"Batu, PB 62704",69760,+62-080-824-2529,kusmawaticici@example.com,2022-05-09,Tidak Aktif
2166,Lidya Pradipta,Gang Kapten Muslihat No. 44,Gang Moch. Ramdan No. 638,"Makassar, JT 00118",28989,+62 (66) 747 0924,darmantopermadi@example.com,2023-11-07,Tidak Aktif
2167,Pardi Budiman,Gg. Kutai No. 6,Jalan Indragiri No. 75,"Lhokseumawe, SN 85616",56677,(0753) 090 1639,hardiansyahcatur@example.net,2021-08-08,Tidak Aktif
2168,Faizah Prasetyo,Jl. Setiabudhi No. 8,Jl. Kebonjati No. 55,"Tomohon, Kalimantan Utara 87087",38568,(0086) 622-0596,blatupono@example.com,2022-01-11,Aktif
2169,H. Karta Widodo,Gg. Tubagus Ismail No. 461,Gg. Veteran No. 5,"Ternate, SB 02061",52451,+62-0406-754-5615,yulialaksmiwati@example.net,2022-10-04,Tidak Aktif
2170,Azalea Mansur,Jl. HOS. Cokroaminoto No. 989,Gang Indragiri No. 402,"Jayapura, ST 87275",96438,+62 (0271) 670-4378,mustofalatupono@example.com,2022-11-17,Tidak Aktif
2171,Garang Hardiansyah,Gg. Medokan Ayu No. 164,Jl. Kapten Muslihat No. 345,"Depok, Sumatera Barat 93560",08118,+62-66-934-8818,bsaptono@example.org,2024-01-25,Tidak Aktif
2172,"R.M. Luwar Wasita, S.Sos",Gang Rajawali Barat No. 1,Jl. Abdul Muis No. 6,"Lubuklinggau, Sumatera Selatan 25167",42467,+62 (35) 547-3678,cakrabirawa44@example.net,2022-03-22,Tidak Aktif
2173,"drg. Cakrawala Situmorang, S.Psi",Gg. Suniaraja No. 78,Jl. PHH. Mustofa No. 920,"Salatiga, Jawa Tengah 89482",32129,+62-065-484-8439,janet96@example.net,2022-03-05,Aktif
2174,"Zaenab Nashiruddin, S.Sos",Jalan Indragiri No. 041,Jalan Yos Sudarso No. 64,"Probolinggo, Papua Barat 55629",57567,(0334) 718-6074,harjasa43@example.org,2022-11-08,Aktif
2175,Latika Safitri,Jl. Pasir Koja No. 55,Jl. Medokan Ayu No. 54,"Samarinda, KT 55842",71697,+62 (736) 478 7608,sabri69@example.com,2022-04-24,Tidak Aktif
2176,Omar Namaga,Jl. Gardujati No. 5,Jalan Moch. Ramdan No. 653,"Semarang, Riau 02411",27220,+62-616-594-9850,arsipatra87@example.net,2023-06-30,Tidak Aktif
2177,drg. Kemba Yulianti,Gg. Tubagus Ismail No. 5,Jl. Sukajadi No. 095,"Madiun, Kalimantan Utara 75040",69660,+62 (15) 485 4587,hutapeakaren@example.com,2021-11-03,Tidak Aktif
2178,Vivi Sitompul,Jalan Bangka Raya No. 25,Jl. Yos Sudarso No. 23,"Bima, BT 31197",74716,+62 (296) 609-1414,laras93@example.com,2023-04-09,Aktif
2179,Janet Usada,Gang Rawamangun No. 92,Jl. Antapani Lama No. 73,"Blitar, JK 07023",77054,+62 (0979) 965-3007,kacunghidayanto@example.com,2021-11-22,Tidak Aktif
2180,Damu Astuti,Jl. Cikutra Timur No. 7,Gg. Lembong No. 0,"Lubuklinggau, Bengkulu 63006",94919,+62 (068) 006 4677,wastutiomar@example.org,2023-11-17,Tidak Aktif
2181,Hj. Karen Pratama,Jl. Kiaracondong No. 202,Jalan Rumah Sakit No. 1,"Solok, Sumatera Barat 95280",56430,+62 (872) 008 8381,marpaungumi@example.com,2022-11-16,Aktif
2182,Langgeng Nainggolan,Jalan Cikutra Timur No. 054,Jl. Monginsidi No. 000,"Makassar, SU 16282",39246,+62 (002) 372 3985,titimanullang@example.com,2023-08-13,Aktif
2183,"Adika Haryanti, S.Psi",Gg. Kiaracondong No. 3,Gang Merdeka No. 36,"Madiun, Sumatera Utara 97474",03774,+62 (900) 294 4211,rhutagalung@example.net,2022-03-17,Tidak Aktif
2184,Ajimat Utami,Jalan Jamika No. 3,Jalan Raya Ujungberung No. 8,"Medan, KU 23721",74503,(074) 673 1223,ganep20@example.com,2021-10-13,Aktif
2185,Artanto Sihombing,Gg. Raya Ujungberung No. 8,Jalan PHH. Mustofa No. 44,"Subulussalam, Jawa Timur 76267",40445,+62-074-390-5783,saefullahcalista@example.com,2023-06-09,Tidak Aktif
2186,Garang Saputra,Jalan Siliwangi No. 16,Jalan Kiaracondong No. 95,"Batam, SU 37245",27972,+62 (0339) 210 0750,rika86@example.com,2022-07-09,Aktif
2187,Wadi Wastuti,Jalan Erlangga No. 5,Gg. Otto Iskandardinata No. 77,"Langsa, Papua Barat 66863",78940,+62 (0974) 383 3101,lukman50@example.org,2023-04-28,Tidak Aktif
2188,"Raina Sihotang, M.TI.",Gg. Jakarta No. 977,Jalan Cikutra Timur No. 36,"Bima, Kalimantan Timur 09481",11867,+62 (092) 601 3475,darunasuryatmi@example.net,2021-09-28,Tidak Aktif
2189,Cakrawangsa Haryanto,Gg. Dr. Djunjunan No. 4,Gg. Moch. Toha No. 7,"Binjai, Gorontalo 11906",86248,+62 (089) 359-5858,hanahidayanto@example.com,2022-11-27,Aktif
2190,Julia Hidayat,Gang Bangka Raya No. 82,Jalan Ir. H. Djuanda No. 88,"Padangpanjang, KS 39904",95447,+62 (040) 285-3368,sandriani@example.org,2021-08-04,Tidak Aktif
2191,drg. Pandu Farida,Gg. Astana Anyar No. 07,Jalan W.R. Supratman No. 27,"Tual, Maluku 37938",80893,+62 (075) 875 8265,irsad47@example.com,2022-07-18,Aktif
2192,Syahrini Puspasari,Gang Gegerkalong Hilir No. 4,Jalan Cikutra Timur No. 777,"Denpasar, YO 14649",51822,(0511) 372-7964,prayogoyulianti@example.net,2022-06-10,Tidak Aktif
2193,Titi Pranowo,Gang Bangka Raya No. 74,Gang Lembong No. 29,"Bengkulu, SS 62289",22577,+62 (506) 449 8514,apuspita@example.org,2022-01-22,Aktif
2194,Atma Mangunsong,Gg. Kiaracondong No. 0,Gg. Otto Iskandardinata No. 87,"Tangerang Selatan, JA 75072",52268,(075) 695-7826,kusmawatiaisyah@example.com,2021-12-23,Tidak Aktif
2195,Maryadi Hutasoit,Jalan Pasirkoja No. 14,Gang Cihampelas No. 51,"Madiun, Sumatera Selatan 55441",37147,+62-003-199-0180,nashiruddinusyi@example.net,2023-07-04,Aktif
2196,Hesti Sitompul,Gang Abdul Muis No. 15,Gg. Cihampelas No. 3,"Tasikmalaya, RI 03165",04539,+62 (0501) 326-1168,darijanwaskita@example.org,2023-07-27,Tidak Aktif
2197,drg. Ana Wibisono,Jl. Rajawali Timur No. 014,Jalan Medokan Ayu No. 0,"Singkawang, Papua 20113",01409,(0507) 994-7443,chelsealatupono@example.com,2023-11-27,Tidak Aktif
2198,Paiman Siregar,Gg. Sukabumi No. 1,Jalan R.E Martadinata No. 2,"Pangkalpinang, MU 02295",49461,+62-611-501-0939,gamaniadriansyah@example.com,2023-10-08,Aktif
2199,Icha Iswahyudi,Jalan Veteran No. 77,Jl. Sentot Alibasa No. 346,"Pekanbaru, BA 94330",69574,(0702) 331-2257,hnugroho@example.net,2021-08-24,Tidak Aktif
2200,Maida Astuti,Gang Kutisari Selatan No. 9,Jalan Pacuan Kuda No. 0,"Manado, Jawa Tengah 50466",55569,+62 (157) 304 2157,zelaya31@example.net,2023-08-12,Tidak Aktif
2201,R.A. Rika Hutagalung,Gang Cihampelas No. 5,Gg. Kutai No. 815,"Depok, RI 35370",67226,085 988 1042,bagasanggriawan@example.com,2023-06-23,Tidak Aktif
2202,Eva Mandala,Jalan Medokan Ayu No. 90,Jl. Kebonjati No. 4,"Padangpanjang, Jawa Barat 83500",05475,(064) 632-7732,maimunah11@example.net,2022-09-13,Aktif
2203,Radika Sihotang,Gang Jend. Sudirman No. 418,Gg. Moch. Ramdan No. 4,"Tarakan, KU 14544",42949,(052) 777-7161,hutasoitdalimin@example.net,2022-11-02,Tidak Aktif
2204,Dr. Bala Rahimah,Jl. Cihampelas No. 636,Jalan Ciumbuleuit No. 792,"Palembang, Maluku 55810",25911,+62 (08) 451 2922,nababanputri@example.com,2021-06-24,Tidak Aktif
2205,H. Prabowo Putra,Jl. Cikutra Timur No. 0,Gg. Kapten Muslihat No. 2,"Palopo, Sulawesi Utara 54256",37697,(0667) 511 2249,xputra@example.org,2022-05-24,Aktif
2206,"R.M. Hairyanto Utama, M.Kom.",Jalan BKR No. 162,Jalan M.T Haryono No. 14,"Tidore Kepulauan, AC 05303",14456,+62 (093) 541 9296,jhalimah@example.net,2021-07-08,Aktif
2207,Tari Simanjuntak,Gg. Ahmad Yani No. 15,Jl. Rawamangun No. 285,"Cimahi, SG 82559",61399,0845795032,rusmansuwarno@example.org,2021-09-29,Tidak Aktif
2208,Lalita Puspasari,Gg. Yos Sudarso No. 530,Gang Asia Afrika No. 622,"Kotamobagu, NB 21502",57496,+62 (075) 517-2395,slametpradipta@example.net,2022-07-18,Aktif
2209,Diah Namaga,Jalan Ir. H. Djuanda No. 3,Gg. Kendalsari No. 053,"Tual, Kalimantan Tengah 16659",62564,(0172) 041-7265,anggriawannardi@example.org,2022-07-10,Tidak Aktif
2210,Puput Widodo,Gg. Dipenogoro No. 095,Gg. Merdeka No. 208,"Bau-Bau, Banten 91272",82235,+62-0153-148-8347,cakrajiyapurwanti@example.org,2023-10-04,Aktif
2211,Enteng Pertiwi,Gang Abdul Muis No. 1,Jl. Raya Ujungberung No. 00,"Tanjungpinang, SB 41993",01629,+62 (065) 696 8593,pyuniar@example.net,2023-05-05,Aktif
2212,"Waluyo Siregar, S.Farm",Gg. Pasirkoja No. 0,Jalan Gedebage Selatan No. 2,"Surabaya, Kepulauan Riau 05103",47566,+62 (959) 823 0262,drajatastuti@example.com,2022-07-10,Tidak Aktif
2213,"drg. Karja Hariyah, M.Farm",Jl. Cikutra Barat No. 095,Jalan Cihampelas No. 783,"Bontang, Kepulauan Bangka Belitung 69647",55465,+62 (078) 706-4579,hwinarno@example.com,2022-11-11,Aktif
2214,Jaga Anggraini,Jalan Cikutra Timur No. 0,Gg. Bangka Raya No. 92,"Probolinggo, Jawa Timur 77917",85414,+62-969-235-5197,estiawanhalimah@example.com,2023-12-20,Aktif
2215,R. Unjani Hakim,Jalan M.T Haryono No. 027,Gg. Wonoayu No. 168,"Subulussalam, SS 41467",84099,+62-715-847-1874,cpadmasari@example.org,2023-11-06,Aktif
2216,Jasmin Natsir,Jalan Gardujati No. 94,Gang Erlangga No. 6,"Sawahlunto, KI 16773",87896,+62 (0411) 175-4500,namagaopan@example.org,2023-10-12,Tidak Aktif
2217,H. Galak Hutasoit,Jalan Tubagus Ismail No. 2,Jalan Medokan Ayu No. 4,"Kupang, SB 88931",08835,+62-011-773-8096,karya33@example.org,2021-09-30,Aktif
2218,Gawati Sihotang,Gg. S. Parman No. 38,Jl. Cikutra Barat No. 995,"Medan, Nusa Tenggara Timur 68670",51736,+62 (230) 513-8156,ciaobella83@example.net,2023-10-17,Aktif
2219,Eva Wastuti,Jl. Dipatiukur No. 82,Gang Jamika No. 12,"Bontang, SU 71250",56066,+62-0601-517-3552,hyuniar@example.com,2022-12-05,Tidak Aktif
2220,Oman Pratiwi,Gg. Dr. Djunjunan No. 986,Gg. Kutisari Selatan No. 0,"Kendari, MA 28331",60887,+62 (0361) 620-6413,kayun82@example.org,2023-10-24,Tidak Aktif
2221,Prasetya Susanti,Gang Cikutra Barat No. 3,Gg. Moch. Toha No. 001,"Yogyakarta, LA 26842",78790,+62-0959-399-6996,bakiadi03@example.com,2021-06-27,Tidak Aktif
2222,R. Patricia Wibowo,Gang Suryakencana No. 15,Gang Laswi No. 975,"Balikpapan, SN 52413",50560,+62 (067) 210-1604,gandi62@example.com,2023-01-16,Aktif
2223,Drs. Widya Pradipta,Gang Kutai No. 02,Gang Ciwastra No. 208,"Purwokerto, SU 25253",50085,(044) 906-5240,adikara32@example.org,2021-11-11,Tidak Aktif
2224,Puti Firmansyah,Gg. Dipenogoro No. 19,Gang Dipatiukur No. 409,"Ambon, Sulawesi Barat 86658",22298,(027) 847-9182,ikuswandari@example.org,2022-01-18,Aktif
2225,Padma Padmasari,Gg. Moch. Toha No. 120,Jalan Rajawali Timur No. 328,"Bima, BA 12387",48941,(026) 426-3223,kemalsiregar@example.net,2023-06-13,Tidak Aktif
2226,Ir. Dacin Hidayat,Gg. Kutisari Selatan No. 388,Gang Cempaka No. 439,"Mataram, Sulawesi Tengah 41934",31016,+62 (0448) 723-8168,gilangsimanjuntak@example.net,2022-07-15,Aktif
2227,"Cut Siska Wibowo, M.Kom.",Gang W.R. Supratman No. 54,Jalan Ronggowarsito No. 256,"Pagaralam, Banten 48055",61230,+62 (022) 996-2730,jaganovitasari@example.org,2023-02-07,Tidak Aktif
2228,Eva Habibi,Jalan Rajiman No. 553,Gang BKR No. 86,"Samarinda, BB 63309",55776,(022) 584-4961,makarawibowo@example.net,2022-05-16,Tidak Aktif
2229,"Narji Halim, S.I.Kom",Jalan Kebonjati No. 617,Jl. Pacuan Kuda No. 040,"Sukabumi, SG 69133",66969,(075) 319 8019,jabalpratama@example.com,2023-04-08,Aktif
2230,Dartono Sitompul,Jl. Sukajadi No. 50,Jalan Erlangga No. 941,"Kupang, KI 73021",28486,(054) 903-7350,bagyawaluyo@example.org,2023-06-17,Tidak Aktif
2231,"Puti Irma Pradana, M.Farm",Gang Cihampelas No. 50,Gg. Sukajadi No. 4,"Madiun, KT 29578",90971,+62 (035) 096 9363,muni73@example.com,2021-11-30,Tidak Aktif
2232,Rina Halimah,Gang Rajiman No. 1,Gang Rumah Sakit No. 970,"Palangkaraya, KR 85052",51181,+62 (0106) 347 9129,uprasetya@example.com,2022-09-16,Aktif
2233,Dagel Saefullah,Jl. Soekarno Hatta No. 10,Gang Abdul Muis No. 17,"Tegal, Kalimantan Selatan 64555",96836,082 836 4791,jasminpuspita@example.com,2022-03-30,Tidak Aktif
2234,"Daru Maulana, S.Psi",Jl. Rungkut Industri No. 220,Jl. Gardujati No. 314,"Samarinda, Jawa Tengah 12799",77189,(083) 324-5894,saka46@example.net,2023-09-05,Tidak Aktif
2235,Karya Natsir,Gg. Soekarno Hatta No. 2,Gg. Jend. A. Yani No. 95,"Surakarta, MA 75836",87392,(058) 958 1837,dongoransaiful@example.net,2022-03-14,Aktif
2236,"Anom Widodo, S.Gz",Jl. Gedebage Selatan No. 1,Gg. Ahmad Yani No. 7,"Tangerang Selatan, SU 55521",53598,+62-011-570-4211,prayogaikhsan@example.com,2021-05-27,Tidak Aktif
2237,Darijan Hariyah,Gg. Sentot Alibasa No. 47,Gang Jend. A. Yani No. 28,"Malang, KU 20081",82796,+62 (25) 469-4238,winarsihmartaka@example.org,2022-11-22,Tidak Aktif
2238,"Drs. Daruna Usada, M.Ak",Jl. Abdul Muis No. 4,Gg. Jayawijaya No. 251,"Dumai, Kalimantan Tengah 49572",12589,+62 (963) 349-2180,kprasetyo@example.com,2021-12-01,Aktif
2239,Mila Habibi,Jl. Cikutra Barat No. 66,Jalan Pacuan Kuda No. 49,"Metro, Maluku Utara 50759",95258,085 881 5706,kusmawaticici@example.com,2022-10-02,Tidak Aktif
2240,Warsa Firmansyah,Gg. Laswi No. 5,Gg. Pasirkoja No. 26,"Banjarmasin, AC 39862",20922,(064) 500 1570,gunawanbancar@example.net,2022-12-25,Aktif
2241,Iriana Rahmawati,Gg. Erlangga No. 739,Jl. M.T Haryono No. 069,"Pariaman, SR 10659",28902,+62-29-465-4052,hsaefullah@example.com,2023-03-15,Tidak Aktif
2242,"Keisha Suryono, S.T.",Gang Pelajar Pejuang No. 7,Gang Monginsidi No. 437,"Singkawang, SS 07903",94035,+62 (008) 351-2884,qhartati@example.com,2022-03-19,Aktif
2243,Drs. Yuliana Mandala,Jl. Kapten Muslihat No. 323,Gang S. Parman No. 96,"Meulaboh, Bengkulu 49392",61061,+62-55-605-0886,gandayuniar@example.org,2021-08-02,Aktif
2244,Indah Rahmawati,Gang M.T Haryono No. 5,Gang Laswi No. 3,"Padang, GO 33852",16515,+62 (069) 760-8117,nyulianti@example.net,2022-10-21,Tidak Aktif
2245,"Cut Samiah Nasyidah, S.Gz",Gang Joyoboyo No. 6,Jl. Otto Iskandardinata No. 91,"Ambon, DKI Jakarta 93527",26848,+62-747-881-8310,spuspita@example.net,2023-01-26,Tidak Aktif
2246,dr. Oskar Yuniar,Jl. K.H. Wahid Hasyim No. 3,Jl. Gedebage Selatan No. 078,"Jambi, Sumatera Barat 14371",22629,+62-0123-459-0728,siti46@example.com,2022-05-08,Tidak Aktif
2247,Karman Usamah,Jalan Erlangga No. 9,Gg. M.T Haryono No. 97,"Palu, Nusa Tenggara Timur 64230",26090,089 142 6824,cpudjiastuti@example.com,2022-01-01,Tidak Aktif
2248,Jelita Mardhiyah,Jl. Cempaka No. 7,Gg. Erlangga No. 52,"Salatiga, Jawa Tengah 24622",26423,(0656) 005-5198,pradananiyaga@example.com,2022-06-06,Aktif
2249,"Drs. Diana Nainggolan, M.Pd",Gg. Rawamangun No. 2,Gang Indragiri No. 53,"Ternate, JT 74643",50155,+62-343-846-9365,kuncarasirait@example.net,2021-07-11,Tidak Aktif
2250,Tami Wibisono,Jalan Dipatiukur No. 018,Jalan Medokan Ayu No. 5,"Sorong, SG 48107",36046,081 279 7828,zahrakuswoyo@example.com,2022-06-15,Aktif
2251,Limar Yuniar,Jl. Kendalsari No. 170,Gg. Pelajar Pejuang No. 020,"Manado, KB 31528",28038,0804465296,zulkarnainembuh@example.org,2022-05-28,Tidak Aktif
2252,Cengkir Utami,Gang Cihampelas No. 14,Gg. Sukajadi No. 4,"Depok, BE 02501",54457,(0812) 729-6291,hutasoitwage@example.org,2021-08-19,Aktif
2253,"Cut Vera Haryanti, M.Farm",Jl. Antapani Lama No. 95,Gg. Rawamangun No. 803,"Madiun, KU 29448",77788,(042) 652-3285,zulfawijaya@example.net,2021-05-17,Aktif
2254,Vega Suryono,Jl. Tebet Barat Dalam No. 6,Gg. Gedebage Selatan No. 154,"Singkawang, Gorontalo 73149",48797,(066) 495-3064,reza29@example.com,2021-12-14,Aktif
2255,"Puti Ratih Handayani, M.Pd",Gang Dr. Djunjunan No. 9,Gg. M.H Thamrin No. 4,"Padangpanjang, BT 35745",33468,+62 (96) 943-1558,situmorangnaradi@example.com,2022-01-10,Tidak Aktif
2256,Ajiono Mangunsong,Gg. Cihampelas No. 0,Gang Sukajadi No. 15,"Padang Sidempuan, KU 11526",87297,+62 (0389) 249 4028,gandinashiruddin@example.org,2024-02-22,Aktif
2257,"Cut Cindy Laksmiwati, M.M.",Gang Moch. Ramdan No. 485,Gg. Joyoboyo No. 83,"Pekalongan, DKI Jakarta 30878",87403,+62 (378) 860-6398,nasyidahcakrawala@example.org,2023-06-02,Aktif
2258,Jayeng Halim,Jl. Monginsidi No. 46,Jalan Tebet Barat Dalam No. 907,"Kota Administrasi Jakarta Selatan, SG 71894",78950,+62-099-382-9769,tiswahyudi@example.org,2022-01-24,Aktif
2259,Viman Hasanah,Jl. Soekarno Hatta No. 1,Gang Pelajar Pejuang No. 383,"Serang, Maluku 04379",00686,+62 (075) 427-8202,hutasoitkanda@example.org,2022-11-17,Aktif
2260,Dacin Megantara,Jl. Rungkut Industri No. 7,Jalan Peta No. 7,"Palangkaraya, Kalimantan Utara 34806",66281,(072) 161 8540,jhariyah@example.org,2023-11-20,Tidak Aktif
2261,"Sutan Caket Mangunsong, S.E.I",Gg. Kutai No. 5,Jl. M.T Haryono No. 064,"Sungai Penuh, MU 35589",19547,+62 (025) 961-3172,jabal61@example.org,2023-10-25,Tidak Aktif
2262,"Latika Handayani, S.I.Kom",Jl. Kendalsari No. 99,Jalan Rajawali Barat No. 20,"Jayapura, Sulawesi Barat 82634",45858,081 974 3047,rachel83@example.net,2022-06-26,Tidak Aktif
2263,Kiandra Saefullah,Gg. Bangka Raya No. 943,Gg. Pasirkoja No. 015,"Medan, SU 11119",14912,087 139 6288,inatsir@example.org,2023-10-15,Tidak Aktif
2264,Yuni Suryatmi,Gg. Waringin No. 025,Gg. Gardujati No. 47,"Ternate, JI 92133",77054,+62 (060) 501-0179,ulaksmiwati@example.net,2023-07-16,Aktif
2265,"dr. Syahrini Riyanti, M.Ak",Jalan Monginsidi No. 68,Jalan Rumah Sakit No. 97,"Tidore Kepulauan, BA 66270",48683,+62-13-941-1126,usamahlega@example.com,2022-11-10,Tidak Aktif
2266,"Kemba Gunarto, S.E.",Gg. Pasirkoja No. 0,Gang Ahmad Dahlan No. 761,"Blitar, Kalimantan Timur 86348",95219,(0611) 411 2246,hmardhiyah@example.com,2022-05-08,Tidak Aktif
2267,"Cemani Agustina, S.Psi",Jalan Ciwastra No. 595,Gang Cikapayang No. 0,"Padang Sidempuan, Sulawesi Tengah 47297",04635,+62-0436-226-7547,gadangkuswandari@example.org,2022-07-07,Tidak Aktif
2268,T. Budi Mandala,Gg. Ronggowarsito No. 3,Jalan Cempaka No. 19,"Pematangsiantar, KU 11574",23354,+62 (637) 013 1460,marpaungbalidin@example.com,2023-10-28,Tidak Aktif
2269,Gangsa Farida,Gang Monginsidi No. 3,Gang Wonoayu No. 40,"Palembang, Sumatera Barat 60204",52500,+62 (98) 568 4561,buyainah@example.org,2021-11-02,Tidak Aktif
2270,Silvia Melani,Gang Gedebage Selatan No. 40,Gang Tebet Barat Dalam No. 9,"Bau-Bau, Kalimantan Tengah 19073",88712,(043) 170-4888,bpuspasari@example.com,2023-09-13,Tidak Aktif
2271,Murti Rahmawati,Jl. PHH. Mustofa No. 1,Jalan Surapati No. 57,"Tangerang Selatan, NT 21106",13994,+62 (96) 849-0084,emanfujiati@example.net,2023-04-07,Aktif
2272,Ira Pranowo,Jalan Gardujati No. 588,Jl. H.J Maemunah No. 475,"Sorong, Jawa Barat 31720",08789,+62 (007) 298-9481,kanda86@example.com,2023-11-30,Tidak Aktif
2273,Kasiyah Agustina,Jl. Cempaka No. 5,Jl. Peta No. 1,"Kupang, Jawa Tengah 33976",44752,+62 (078) 839-1217,qputra@example.org,2023-05-16,Tidak Aktif
2274,Dalimin Situmorang,Jl. Pasteur No. 838,Jalan Otto Iskandardinata No. 4,"Sukabumi, Nusa Tenggara Timur 44817",36155,(0675) 396 9356,panca04@example.org,2023-11-24,Aktif
2275,drg. Vanya Iswahyudi,Jl. Dipatiukur No. 29,Gg. Merdeka No. 525,"Probolinggo, DKI Jakarta 09671",00785,+62 (041) 023 9045,opungharyanto@example.net,2021-11-27,Aktif
2276,Dt. Eko Sihombing,Jalan Pasir Koja No. 30,Gg. Wonoayu No. 16,"Meulaboh, KR 93552",76695,(074) 821 1146,jayengnasyidah@example.org,2021-11-14,Tidak Aktif
2277,"Cawisono Rahayu, M.Pd",Gang Ahmad Dahlan No. 433,Jl. Moch. Toha No. 319,"Bontang, SU 87195",70372,+62-049-990-0312,manahgunawan@example.com,2022-01-28,Tidak Aktif
2278,R. Elvina Puspita,Jl. Sukajadi No. 511,Gang Kendalsari No. 7,"Malang, Sulawesi Utara 69425",13802,+62-052-111-5150,kamalwidodo@example.net,2022-06-14,Aktif
2279,"Drs. Gamblang Nugroho, S.Pd",Jl. Kutai No. 643,Jl. Rajawali Barat No. 76,"Jayapura, Jawa Timur 83724",37570,+62-023-420-1666,balijandabukke@example.com,2023-02-01,Tidak Aktif
2280,Ilyas Sitompul,Gang Yos Sudarso No. 7,Jalan Sadang Serang No. 15,"Sukabumi, GO 88856",04551,+62 (0958) 523 9447,luwaruwais@example.org,2021-09-13,Tidak Aktif
2281,"Ir. Asmadi Yulianti, M.Ak",Jl. Wonoayu No. 9,Jalan Raya Ujungberung No. 0,"Prabumulih, Sumatera Utara 37979",02858,+62 (087) 917-2649,michelle75@example.org,2021-06-21,Tidak Aktif
2282,Eli Pangestu,Gang Ciwastra No. 0,Jl. Sadang Serang No. 78,"Tidore Kepulauan, SN 94073",21919,(000) 959 7008,ifasitompul@example.org,2023-06-22,Tidak Aktif
2283,Citra Riyanti,Gang Waringin No. 8,Jl. Ahmad Yani No. 622,"Probolinggo, Jawa Barat 05239",45694,0811480086,wadipradana@example.net,2021-11-16,Tidak Aktif
2284,Abyasa Widiastuti,Jl. Ir. H. Djuanda No. 3,Jl. Ciwastra No. 2,"Yogyakarta, KI 24527",34041,+62 (80) 379-1396,bakijannurdiyanti@example.org,2023-12-04,Aktif
2285,T. Harjo Damanik,Gang Siliwangi No. 742,Gg. Pasir Koja No. 53,"Jambi, Maluku 35104",88214,+62-0473-311-7136,hesti67@example.org,2022-07-09,Aktif
2286,T. Tedi Ardianto,Gg. Ahmad Yani No. 95,Jl. Pacuan Kuda No. 1,"Pagaralam, JB 50114",00617,+62 (13) 502 5313,skuswoyo@example.org,2023-11-20,Tidak Aktif
2287,Vanya Mulyani,Jalan Cihampelas No. 74,Jalan Kiaracondong No. 20,"Pariaman, JI 60999",37428,(095) 682-2074,lharyanti@example.net,2021-11-21,Aktif
2288,Hj. Ellis Firgantoro,Gang Asia Afrika No. 83,Jl. Cempaka No. 98,"Tanjungbalai, Gorontalo 50312",71369,(0203) 745-0866,balamantri99@example.org,2021-11-08,Aktif
2289,Mila Wibowo,Jl. Siliwangi No. 82,Gang Cikapayang No. 4,"Makassar, ST 19123",12231,+62 (0984) 299-4580,kurniawansamsul@example.org,2022-02-06,Aktif
2290,"drg. Septi Usamah, M.TI.",Jl. Kapten Muslihat No. 363,Jl. Veteran No. 114,"Langsa, KU 49582",74952,+62-666-702-0980,napitupuluelvin@example.net,2023-02-05,Tidak Aktif
2291,Tari Rahayu,Gang Waringin No. 566,Jalan Veteran No. 4,"Ternate, Aceh 56469",89056,0857342049,darman42@example.org,2024-02-28,Aktif
2292,Luwar Hasanah,Gg. Surapati No. 59,Jalan K.H. Wahid Hasyim No. 3,"Probolinggo, Jawa Timur 98612",88100,+62 (76) 567 2250,jabalsudiati@example.com,2022-03-07,Aktif
2293,"Hj. Gasti Mardhiyah, S.Pt",Gang Sadang Serang No. 8,Jl. Pacuan Kuda No. 586,"Kota Administrasi Jakarta Pusat, MA 75415",53614,087 212 7969,wwinarsih@example.net,2022-09-24,Aktif
2294,"dr. Hardi Puspita, M.Ak",Jalan BKR No. 741,Gang Merdeka No. 502,"Kota Administrasi Jakarta Utara, AC 44634",20325,+62-430-820-4030,andrianiajiono@example.net,2022-06-25,Tidak Aktif
2295,Hamzah Rajata,Jalan Medokan Ayu No. 8,Gang Asia Afrika No. 37,"Pontianak, Maluku Utara 51068",77653,083 853 1966,gangsa53@example.net,2021-12-02,Tidak Aktif
2296,Ana Prasetya,Jl. H.J Maemunah No. 364,Gang Pacuan Kuda No. 2,"Denpasar, PB 14652",83579,+62 (025) 457-1198,auwais@example.net,2021-08-08,Aktif
2297,Zulaikha Simbolon,Gang Cempaka No. 7,Gang Waringin No. 434,"Kota Administrasi Jakarta Selatan, JK 52386",47254,+62 (0504) 795-7096,lidyasiregar@example.com,2022-04-16,Aktif
2298,KH. Hairyanto Marbun,Jl. Pacuan Kuda No. 73,Gg. Gardujati No. 67,"Sorong, Sumatera Barat 01685",53621,+62 (075) 005-1413,daliminpermadi@example.com,2022-04-08,Aktif
2299,"Liman Oktaviani, S.Farm",Jalan Kutai No. 790,Jl. Ciwastra No. 918,"Padang Sidempuan, SU 45007",51441,+62 (018) 936 3648,qharyanto@example.org,2022-07-31,Aktif
2300,R.M. Luwar Mandasari,Jl. Peta No. 8,Jalan Dipenogoro No. 339,"Tual, Nusa Tenggara Barat 22898",17635,+62 (701) 984 4431,agnesmarpaung@example.net,2022-02-12,Tidak Aktif
2301,Titin Wulandari,Gg. Pasir Koja No. 2,Gang K.H. Wahid Hasyim No. 9,"Tual, JT 76177",89523,(0598) 010 4929,xkuswoyo@example.com,2023-03-30,Aktif
2302,Ega Kusmawati,Jalan Jend. Sudirman No. 06,Gang Rajiman No. 128,"Pariaman, Kepulauan Bangka Belitung 42115",83942,+62 (090) 664-2012,fprasetya@example.org,2021-11-12,Tidak Aktif
2303,Tasdik Uyainah,Gg. K.H. Wahid Hasyim No. 5,Jalan Pasteur No. 5,"Jayapura, PA 20438",13550,+62 (0857) 878-4290,nwasita@example.org,2023-12-17,Tidak Aktif
2304,"Bala Suryono, S.H.",Jalan Merdeka No. 20,Jalan Soekarno Hatta No. 16,"Makassar, KS 05433",72333,+62 (717) 487 1324,jaswadi04@example.com,2023-07-07,Tidak Aktif
2305,Mahdi Mardhiyah,Jalan Jend. Sudirman No. 9,Gang Veteran No. 123,"Depok, JT 35837",23322,+62 (093) 772-8859,primanajmudin@example.net,2021-06-11,Aktif
2306,Kani Pertiwi,Jalan Ahmad Dahlan No. 85,Jalan Cikutra Barat No. 2,"Mojokerto, Kalimantan Barat 83218",26151,+62-0721-878-3078,dwijaya@example.com,2021-07-21,Aktif
2307,Ellis Tampubolon,Gang Lembong No. 95,Gg. Otto Iskandardinata No. 50,"Bima, Kalimantan Utara 55874",50260,+62-58-373-1961,asirwandawidiastuti@example.net,2023-06-19,Aktif
2308,R.A. Putri Melani,Jalan PHH. Mustofa No. 05,Gg. Laswi No. 76,"Lhokseumawe, Sulawesi Tengah 45664",78238,+62-0798-182-7688,shariyah@example.net,2023-04-22,Tidak Aktif
2309,Jarwadi Sirait,Jalan Pacuan Kuda No. 0,Gang Siliwangi No. 2,"Tasikmalaya, JT 02087",76594,(037) 632-8907,ttarihoran@example.com,2021-05-31,Aktif
2310,R. Chelsea Andriani,Gang Sukabumi No. 022,Jalan KH Amin Jasuta No. 405,"Bau-Bau, Kalimantan Timur 81516",20361,+62 (359) 634 8264,ikhsan05@example.net,2021-12-04,Aktif
2311,Ajiono Pertiwi,Jl. Sukajadi No. 012,Jalan Raya Setiabudhi No. 10,"Kota Administrasi Jakarta Selatan, SU 73843",19184,+62-962-015-9556,bgunarto@example.org,2022-06-04,Tidak Aktif
2312,"R.M. Candrakanta Pratiwi, S.Pd",Jalan Stasiun Wonokromo No. 77,Jl. Sukabumi No. 7,"Tual, DI Yogyakarta 31571",42008,(073) 271-0432,buwais@example.net,2024-02-08,Aktif
2313,dr. Asmadi Dongoran,Gang Gardujati No. 0,Gg. Cihampelas No. 9,"Palopo, Maluku 65227",21938,+62 (475) 681-3025,sihombingfitriani@example.org,2023-10-07,Aktif
2314,"R. Dono Winarno, S.T.",Jl. Rajawali Barat No. 84,Jl. Sentot Alibasa No. 855,"Surakarta, RI 29263",69123,+62 (064) 735 5494,anita70@example.org,2021-12-03,Tidak Aktif
2315,R.M. Yusuf Samosir,Jalan Kendalsari No. 27,Jalan Wonoayu No. 38,"Purwokerto, SB 53740",09751,+62-53-680-7732,cakrabirawa04@example.net,2021-12-26,Aktif
2316,Vanesa Januar,Gg. Jend. Sudirman No. 3,Jalan Joyoboyo No. 57,"Jambi, Sumatera Selatan 78478",33544,+62 (371) 473-4727,wibisonoyulia@example.net,2021-11-29,Tidak Aktif
2317,Elma Rahimah,Jl. Kutisari Selatan No. 1,Jalan Sadang Serang No. 75,"Sibolga, BB 23097",32335,+62 (84) 580-1872,usadaciaobella@example.net,2023-06-21,Aktif
2318,"Indra Pertiwi, S.Pt",Gg. Ciumbuleuit No. 538,Gang M.H Thamrin No. 3,"Mataram, GO 74444",73596,+62 (014) 912 1697,kawaya28@example.net,2021-11-28,Aktif
2319,Dirja Maryadi,Gang Kiaracondong No. 5,Gg. Dipatiukur No. 684,"Kota Administrasi Jakarta Selatan, Jawa Tengah 95755",98993,(018) 458-5818,pmandasari@example.net,2022-09-22,Tidak Aktif
2320,Laswi Susanti,Jalan BKR No. 51,Gg. Ronggowarsito No. 201,"Salatiga, GO 28827",31420,+62 (41) 885-3437,ani54@example.org,2023-04-22,Tidak Aktif
2321,"Wage Hasanah, S.Psi",Jalan K.H. Wahid Hasyim No. 398,Jalan Laswi No. 894,"Tanjungbalai, SU 94650",45505,+62 (0312) 394 2107,sihotangnarji@example.net,2023-03-01,Aktif
2322,Kawaca Firgantoro,Jalan Ciumbuleuit No. 87,Jl. Gegerkalong Hilir No. 62,"Mataram, Kalimantan Timur 97191",40528,(097) 143-6759,hariyahzaenab@example.net,2023-05-23,Aktif
2323,"Hj. Cinta Saefullah, M.Farm",Jalan Gedebage Selatan No. 4,Jl. Rajawali Timur No. 4,"Pekalongan, GO 16711",04293,(0198) 612-8439,enamaga@example.org,2024-02-22,Aktif
2324,Lidya Astuti,Jl. Erlangga No. 8,Gg. Setiabudhi No. 93,"Bontang, DI Yogyakarta 35845",41938,(081) 291-5154,niyagawulandari@example.com,2023-04-13,Tidak Aktif
2325,Ozy Riyanti,Jl. Pasir Koja No. 69,Gang Kendalsari No. 6,"Kota Administrasi Jakarta Pusat, KT 70209",53481,(001) 910-3973,foktaviani@example.org,2023-12-05,Tidak Aktif
2326,Kanda Hardiansyah,Jalan Laswi No. 53,Gg. Rajawali Barat No. 27,"Bekasi, Kepulauan Riau 50444",10779,+62 (38) 458-3109,irawansabri@example.com,2022-08-07,Tidak Aktif
2327,Novi Manullang,Jl. Kiaracondong No. 557,Gg. Waringin No. 3,"Malang, PA 48620",81783,+62-015-069-0482,kemalmardhiyah@example.net,2024-02-26,Tidak Aktif
2328,"Eli Saefullah, M.Ak",Jl. Cihampelas No. 9,Jl. Pasteur No. 67,"Batu, Kalimantan Utara 48352",40048,+62 (0458) 864 7072,tiara12@example.org,2022-04-27,Tidak Aktif
2329,KH. Adinata Adriansyah,Jl. Ronggowarsito No. 87,Jalan Cikutra Barat No. 669,"Blitar, SR 29434",43984,+62-0733-284-2280,candrahalimah@example.com,2023-07-16,Tidak Aktif
2330,Sakura Kuswoyo,Gg. Suniaraja No. 38,Jalan R.E Martadinata No. 288,"Palembang, Sulawesi Utara 94239",67342,+62 (523) 345 9460,bagasanggraini@example.com,2023-12-26,Aktif
2331,"Nasim Prayoga, S.IP",Gang Kendalsari No. 355,Jl. Cempaka No. 5,"Singkawang, SN 15880",51756,+62 (031) 106-9557,martanasaefullah@example.org,2022-02-07,Aktif
2332,Gandi Simanjuntak,Jl. Kiaracondong No. 093,Jalan Ahmad Dahlan No. 4,"Kotamobagu, Kalimantan Utara 48907",61584,(0388) 506-4220,riyantigandi@example.org,2022-02-04,Aktif
2333,Wani Habibi,Gang HOS. Cokroaminoto No. 3,Gg. Jakarta No. 58,"Solok, Banten 23962",68173,+62 (81) 475-9648,adhiarja26@example.org,2023-12-28,Tidak Aktif
2334,Tira Gunawan,Jalan Kutisari Selatan No. 467,Jl. Merdeka No. 28,"Gorontalo, KI 49973",85207,+62 (005) 795 1650,waskitairnanto@example.com,2022-06-02,Aktif
2335,Maman Pertiwi,Gang Kutai No. 797,Jalan Joyoboyo No. 69,"Ternate, Nusa Tenggara Barat 36372",71056,+62 (095) 120-4037,estionomayasari@example.net,2021-08-31,Tidak Aktif
2336,Ana Maryadi,Jalan Rawamangun No. 2,Jalan Cihampelas No. 464,"Sawahlunto, Maluku 75705",60669,+62 (28) 966-1671,baktiadi47@example.com,2022-12-07,Aktif
2337,Melinda Ardianto,Jl. Gedebage Selatan No. 8,Gg. Merdeka No. 32,"Bontang, Sulawesi Barat 50831",25205,+62-09-471-7096,gamanibudiman@example.com,2021-12-22,Aktif
2338,Dr. Labuh Rahayu,Jalan M.H Thamrin No. 5,Gg. Sentot Alibasa No. 662,"Bima, SN 99918",24406,+62 (076) 025-3410,ulya22@example.org,2023-06-01,Aktif
2339,R.M. Niyaga Farida,Gg. Wonoayu No. 94,Jalan M.T Haryono No. 04,"Bima, BE 85317",73720,0883075392,kawaca53@example.org,2022-05-26,Tidak Aktif
2340,"Zahra Maulana, M.Kom.",Jalan Wonoayu No. 536,Jalan Surapati No. 3,"Batu, Sumatera Utara 35393",98292,+62 (086) 179-9712,wsitumorang@example.org,2023-06-04,Tidak Aktif
2341,Jamal Wacana,Gang Tebet Barat Dalam No. 728,Gg. Sukabumi No. 46,"Parepare, KB 77034",51594,+62-62-825-9458,ipudjiastuti@example.org,2021-05-26,Tidak Aktif
2342,Kalim Purnawati,Gang Rumah Sakit No. 1,Gg. Indragiri No. 2,"Kupang, LA 50069",61425,(048) 193-0184,mmandasari@example.org,2024-02-04,Tidak Aktif
2343,Zelaya Prasetyo,Jl. Cihampelas No. 018,Gg. Cikutra Timur No. 95,"Surabaya, Kalimantan Utara 22201",03509,083 028 4098,kemba52@example.org,2022-09-16,Tidak Aktif
2344,Drs. Titin Pradana,Gg. Raya Ujungberung No. 1,Gang Sentot Alibasa No. 7,"Palembang, Kalimantan Tengah 65772",37115,+62 (882) 435-2738,carla92@example.com,2021-06-19,Tidak Aktif
2345,Virman Tampubolon,Gang Dr. Djunjunan No. 86,Jl. Moch. Ramdan No. 25,"Cirebon, Bengkulu 63245",89419,(020) 386-3104,janesamosir@example.org,2023-06-27,Tidak Aktif
2346,"Luthfi Anggriawan, S.Ked",Gg. Rajawali Barat No. 56,Gg. Jend. A. Yani No. 964,"Kediri, MA 07517",11157,+62-0005-932-0749,kalim59@example.com,2023-11-19,Aktif
2347,Irnanto Melani,Gang Cikapayang No. 6,Gg. Ciwastra No. 998,"Cimahi, YO 87550",28732,+62-910-000-9201,eanggraini@example.com,2023-05-22,Aktif
2348,"Cut Ulva Melani, S.Kom",Jl. Ciumbuleuit No. 937,Gang Bangka Raya No. 60,"Prabumulih, Nusa Tenggara Barat 55643",66227,+62 (190) 517-1739,permataemil@example.com,2023-08-30,Tidak Aktif
2349,Raina Uwais,Gg. Dr. Djunjunan No. 959,Jalan Sentot Alibasa No. 0,"Jayapura, Lampung 56959",82428,+62 (0952) 598 1060,amipranowo@example.net,2023-09-30,Aktif
2350,Tgk. Galih Pradana,Jl. Kebonjati No. 6,Jl. Waringin No. 9,"Tegal, SB 54154",17602,+62 (029) 189-9676,puspitajamalia@example.org,2022-04-13,Tidak Aktif
2351,"dr. Garang Kurniawan, S.Pt",Gg. Veteran No. 05,Jalan Sadang Serang No. 792,"Samarinda, Kalimantan Tengah 09822",05656,+62 (67) 512-0231,mansuryusuf@example.org,2022-05-18,Tidak Aktif
2352,Ir. Jail Puspita,Jl. Sentot Alibasa No. 321,Gg. Surapati No. 103,"Probolinggo, JK 14018",92331,+62 (033) 137 8969,mardhiyahbagus@example.com,2022-02-03,Tidak Aktif
2353,Aris Tarihoran,Jalan Dr. Djunjunan No. 4,Jalan Jend. Sudirman No. 03,"Prabumulih, MU 76205",19369,083 646 2159,ellamaheswara@example.com,2024-02-16,Tidak Aktif
2354,Yance Tarihoran,Jalan S. Parman No. 19,Gang Joyoboyo No. 13,"Balikpapan, Maluku 75598",84300,0843538654,mansurlaswi@example.net,2021-09-21,Aktif
2355,"Ir. Tirta Sihombing, M.M.",Gg. Surapati No. 977,Gang Astana Anyar No. 8,"Madiun, SU 28042",40868,+62 (505) 096-8832,cnasyidah@example.net,2024-04-06,Aktif
2356,Edi Maheswara,Jalan Siliwangi No. 8,Gg. W.R. Supratman No. 789,"Prabumulih, YO 06056",20377,(0380) 204 2864,ciaobellahutasoit@example.com,2022-03-19,Aktif
2357,Iriana Natsir,Gg. Kendalsari No. 59,Jl. Jamika No. 9,"Kediri, MU 16023",11798,(0500) 613 2672,hhutasoit@example.net,2023-06-12,Tidak Aktif
2358,Lanang Hastuti,Jalan Kebonjati No. 2,Jalan Jakarta No. 306,"Banda Aceh, SN 89678",46302,+62-23-181-2650,ejapertiwi@example.org,2024-03-01,Tidak Aktif
2359,Parman Mansur,Jalan Tubagus Ismail No. 49,Gg. H.J Maemunah No. 418,"Medan, KU 17254",57992,083 214 7967,muni00@example.net,2023-09-13,Aktif
2360,Janet Firgantoro,Gg. Tebet Barat Dalam No. 0,Jalan Rajawali Timur No. 7,"Sibolga, ST 70787",77606,0861786282,qmayasari@example.net,2024-01-06,Aktif
2361,Lembah Suryono,Gg. Kendalsari No. 68,Gang M.T Haryono No. 3,"Sukabumi, Sumatera Barat 17445",99978,+62-0216-184-9528,kamaria35@example.com,2022-06-21,Tidak Aktif
2362,Argono Anggraini,Jl. Dr. Djunjunan No. 87,Jl. H.J Maemunah No. 6,"Pematangsiantar, Riau 66975",73793,+62 (053) 430-2428,nilam04@example.org,2023-05-21,Aktif
2363,"dr. Shakila Uwais, S.Psi",Gang Pelajar Pejuang No. 93,Gg. Monginsidi No. 4,"Sukabumi, BB 38597",36344,+62 (580) 008 2693,enteng26@example.org,2021-06-26,Tidak Aktif
2364,Genta Budiman,Gg. Dr. Djunjunan No. 5,Gang Rungkut Industri No. 58,"Samarinda, SN 35218",87180,(027) 184-6184,calista37@example.com,2023-10-21,Aktif
2365,Niyaga Manullang,Jalan Jayawijaya No. 369,Gang PHH. Mustofa No. 521,"Meulaboh, KS 03999",09639,0833944236,sabrikuswandari@example.com,2023-04-27,Aktif
2366,Gilang Widodo,Gang Dipenogoro No. 320,Gg. Dr. Djunjunan No. 836,"Jambi, KR 23235",65684,+62 (0925) 639 0127,kenzienababan@example.com,2021-07-04,Aktif
2367,Lulut Wastuti,Gang Ciwastra No. 5,Gg. Medokan Ayu No. 9,"Jayapura, KT 20757",94685,(092) 266 6707,clara75@example.com,2022-11-02,Tidak Aktif
2368,"Raharja Prastuti, S.Kom",Jl. S. Parman No. 5,Jl. Tebet Barat Dalam No. 5,"Padang, SS 53631",82251,+62-0053-558-9052,waluyonasyidah@example.org,2021-10-05,Aktif
2369,"drg. Mutia Laksita, S.E.",Gg. Suryakencana No. 20,Gang Suniaraja No. 58,"Pangkalpinang, Sulawesi Utara 11724",64654,+62 (023) 635 1969,eka20@example.com,2023-02-05,Aktif
2370,Fathonah Nugroho,Jalan Moch. Toha No. 972,Gang Yos Sudarso No. 1,"Solok, Kepulauan Bangka Belitung 37229",09334,088 281 1871,marbunciaobella@example.org,2021-06-01,Aktif
2371,"Panji Widodo, M.M.",Jalan Sukajadi No. 031,Gg. Jakarta No. 29,"Cilegon, SB 61694",69802,+62 (066) 941-4254,dabukkeraisa@example.net,2022-03-25,Aktif
2372,"Warsita Suryatmi, S.E.I",Gang Raya Setiabudhi No. 282,Jalan Kendalsari No. 22,"Binjai, Sulawesi Barat 26900",33524,0898037089,firmansyahmursinin@example.com,2021-07-07,Tidak Aktif
2373,Karsana Utami,Jl. Jend. Sudirman No. 076,Gang Pasir Koja No. 87,"Solok, Riau 19125",85696,0897222505,sitompulhadi@example.com,2022-02-04,Aktif
2374,Puti Azalea Haryanto,Gg. PHH. Mustofa No. 37,Gg. Jayawijaya No. 13,"Tomohon, JI 75658",21596,+62-343-536-5725,himawansuartini@example.com,2021-05-09,Tidak Aktif
2375,Nurul Firmansyah,Jalan W.R. Supratman No. 7,Jl. Otto Iskandardinata No. 0,"Makassar, RI 90392",53009,(0289) 200-7947,hasna24@example.com,2022-06-26,Aktif
2376,Heru Suryatmi,Gg. Jend. Sudirman No. 74,Jalan KH Amin Jasuta No. 799,"Surabaya, RI 88628",96460,+62 (063) 192 2040,mulyantowijaya@example.org,2022-06-06,Tidak Aktif
2377,"Ir. Siska Budiman, S.E.",Gang Pasteur No. 7,Jl. Raya Ujungberung No. 17,"Palopo, JI 29470",52005,+62 (94) 585-6832,pranowotaswir@example.com,2022-08-29,Aktif
2378,"Hj. Endah Thamrin, M.M.",Gg. Ronggowarsito No. 042,Gg. Cikapayang No. 7,"Bima, Kepulauan Bangka Belitung 11538",14760,+62 (378) 104-1841,kuswandaripaulin@example.org,2023-07-16,Tidak Aktif
2379,Titi Sitorus,Gg. Ciumbuleuit No. 147,Jl. Indragiri No. 6,"Tegal, DKI Jakarta 48001",44958,+62-096-395-7000,cawukyulianti@example.net,2022-10-18,Aktif
2380,"Asmianto Kusmawati, S.Gz",Gang Ciumbuleuit No. 61,Jl. Rajiman No. 5,"Bengkulu, DI Yogyakarta 50453",63796,+62 (019) 712-3532,mpudjiastuti@example.net,2024-05-03,Tidak Aktif
2381,Mala Hutagalung,Gang Cihampelas No. 4,Jl. Laswi No. 540,"Padangpanjang, KR 84605",10260,+62 (970) 063-3981,estiawan86@example.com,2022-07-08,Aktif
2382,Heru Mulyani,Gg. Jayawijaya No. 08,Jl. Ciwastra No. 49,"Kota Administrasi Jakarta Utara, MA 46007",40226,+62 (097) 730 6402,wahyunigaluh@example.org,2023-03-12,Aktif
2383,"dr. Zulfa Waskita, S.IP",Jalan BKR No. 35,Jl. Antapani Lama No. 511,"Kota Administrasi Jakarta Pusat, KU 24754",54144,+62 (0216) 034-8886,pangeran43@example.com,2023-08-05,Aktif
2384,"Tgk. Nurul Gunarto, M.Pd",Gang Pasir Koja No. 69,Jalan M.T Haryono No. 4,"Mojokerto, Sulawesi Utara 52396",59238,(0222) 914-1640,kambalilatupono@example.org,2024-01-27,Tidak Aktif
2385,Dr. Kemba Tamba,Gang Abdul Muis No. 5,Gang Ahmad Yani No. 4,"Makassar, KT 31235",28430,+62 (368) 060-4475,jamalia56@example.org,2022-08-13,Tidak Aktif
2386,"Sutan Perkasa Palastri, S.H.",Gang Soekarno Hatta No. 247,Jl. Ahmad Dahlan No. 206,"Manado, Sumatera Selatan 03770",83983,+62-29-392-2105,ohassanah@example.org,2024-05-08,Aktif
2387,"Jasmani Kuswoyo, S.Sos",Jalan Ciwastra No. 0,Gg. Rawamangun No. 68,"Mojokerto, Jawa Timur 71133",80252,0841176146,yahyaagustina@example.org,2022-10-19,Tidak Aktif
2388,Rahayu Hasanah,Jl. Kebonjati No. 14,Gg. Raya Setiabudhi No. 32,"Batam, SN 28293",21669,(0505) 433 6483,endahkusmawati@example.net,2022-04-28,Aktif
2389,dr. Yuni Maulana,Jalan Cihampelas No. 0,Gg. Tebet Barat Dalam No. 561,"Blitar, NT 20043",13766,(0690) 781 0304,ardiantonurul@example.com,2021-10-28,Tidak Aktif
2390,"KH. Nalar Suartini, S.Pt",Jl. Sukabumi No. 47,Jalan Abdul Muis No. 201,"Jambi, Aceh 87596",69384,+62 (020) 053-4139,rahayuatma@example.com,2022-04-22,Tidak Aktif
2391,Puti Puji Saptono,Gang Cihampelas No. 82,Gg. Suryakencana No. 73,"Tidore Kepulauan, LA 74383",36414,+62-88-328-8348,inababan@example.net,2023-01-02,Aktif
2392,Dr. Gaiman Saragih,Gang Cihampelas No. 7,Gg. Dipatiukur No. 008,"Palangkaraya, JI 67833",84765,080 715 3677,ohartati@example.net,2022-12-31,Tidak Aktif
2393,Satya Riyanti,Gg. Pasteur No. 90,Jl. Tubagus Ismail No. 0,"Palembang, MU 95664",51381,(098) 956-2466,kawaca12@example.org,2022-08-04,Tidak Aktif
2394,Dacin Palastri,Jalan Setiabudhi No. 06,Gang Veteran No. 7,"Jayapura, BB 50997",13501,+62-061-363-7691,rlaksita@example.com,2022-10-21,Tidak Aktif
2395,Uchita Pradipta,Jalan Kiaracondong No. 32,Gg. Otto Iskandardinata No. 5,"Bontang, SB 07538",73208,+62-73-134-6782,dnapitupulu@example.org,2023-09-19,Tidak Aktif
2396,Among Mansur,Gg. Jend. Sudirman No. 137,Jl. Pasteur No. 564,"Probolinggo, Kalimantan Utara 03670",93744,+62 (040) 718-6642,hardi54@example.com,2023-07-17,Aktif
2397,Oni Saragih,Jl. Indragiri No. 23,Jalan Joyoboyo No. 036,"Mojokerto, Kepulauan Bangka Belitung 39249",27464,(0503) 516 5371,humairaadriansyah@example.org,2021-08-12,Tidak Aktif
2398,Jaeman Uwais,Jalan H.J Maemunah No. 1,Gang Jamika No. 79,"Samarinda, KS 29230",77994,+62-0484-358-7660,widiastutilili@example.net,2023-04-18,Aktif
2399,"R.M. Tugiman Sinaga, S.Sos",Gang Jayawijaya No. 71,Gg. M.H Thamrin No. 584,"Batu, BB 34257",63692,+62 (38) 335-9429,chutasoit@example.net,2023-09-17,Tidak Aktif
2400,"Cut Titi Oktaviani, M.Farm",Jalan Sukabumi No. 648,Jalan Pasirkoja No. 2,"Batam, SU 74941",31868,+62-082-127-9417,maras43@example.net,2022-07-22,Aktif
2401,Perkasa Suryatmi,Gg. Jend. Sudirman No. 296,Gg. R.E Martadinata No. 874,"Banjarbaru, GO 24495",01625,088 618 6779,xputra@example.org,2022-09-18,Tidak Aktif
2402,"R.A. Ilsa Gunawan, S.Gz",Jalan Rawamangun No. 9,Gang Gegerkalong Hilir No. 02,"Semarang, BA 21361",65705,+62-016-402-6144,jsiregar@example.net,2022-12-02,Tidak Aktif
2403,"Sutan Ibrahim Hutasoit, S.E.",Gg. Pasteur No. 66,Jl. Bangka Raya No. 0,"Bima, Riau 53220",09440,(0127) 567-5587,jindrapurnawati@example.org,2023-09-18,Aktif
2404,"Harjasa Padmasari, M.Ak",Jalan KH Amin Jasuta No. 342,Jl. Ahmad Dahlan No. 878,"Padang, SB 14654",19171,(093) 610-3319,omar29@example.com,2022-01-28,Tidak Aktif
